# map forest environment
boundary 0.0 0.0 0.0 5 5 3.0

block 1.0 0.5 0.1       1.3 0.8 3.0      0.000000 255.000000 0.000000
block 0 1.5 0           0.3 1.8  3.0     0.000000 255.000000 0.000000
block 2.0 1.5 0.1       2.3 1.8 3.0      0.000000 255.000000 0.000000
block 1.0 3 0.1         1.3 3.3 3.0      0.000000 255.000000 0.000000
block 3 3 0.1           3.3 3.3 3.0      0.000000 255.000000 0.000000
block 0 4.5 0.1         0.3 4.8 3.0      0.000000 255.000000 0.000000
block 2 4.5 0.1         2.3 4.8 3.0      0.000000 255.000000 0.000000

 

